1.000000
1.000000
1.000000
1.000000

1.000000

0.453488
1.000000
1.000000
1.000000

1.000000
1.000000
0.400000
1.000000
1.000000
0.700000
1.000000
1.000000
1.000000
1.000000
1.000000

1.000000
0.833333

1.000000
1.000000
1.000000
1.000000
1.000000
1.000000
1.000000

1.000000
1.000000
1.000000
1.000000
1.000000
1.000000

1.000000
1.000000
1.000000
1.000000
1.000000

1.000000

1.000000
1.000000
0.444444
1.000000
1.000000

1.000000
1.000000
1.000000
1.000000
1.000000
1.000000
1.000000
1.000000
1.000000
1.000000
1.000000
1.000000
1.000000
1.000000

1.000000
1.000000
1.000000
1.000000

1.000000
1.000000
0.913043
1.000000
1.000000
1.000000
1.000000

1.000000
1.000000
1.000000
1.000000
1.000000
1.000000
1.000000
0.998480
1.000000
1.000000
1.000000
1.000000
1.000000
1.000000
1.000000
1.000000
1.000000
1.000000
1.000000
1.000000
1.000000

1.000000
1.000000

1.000000

1.000000
0.000000
1.000000
1.000000
1.000000
1.000000
1.000000
1.000000
1.000000
1.000000
1.000000
1.000000
1.000000
1.000000
1.000000
0.967391

1.000000
1.000000
1.000000
1.000000
1.000000
1.000000
1.000000
1.000000
1.000000
1.000000
1.000000
1.000000
1.000000

1.000000
1.000000
0.920000
1.000000
1.000000
1.000000
1.000000

1.000000
1.000000
1.000000
1.000000
1.000000
1.000000
1.000000
1.000000
1.000000
0.600000
1.000000
1.000000
1.000000
1.000000
1.000000
1.000000
1.000000
1.000000

1.000000
1.000000
1.000000

1.000000

1.000000
1.000000
1.000000
1.000000
1.000000
0.986486
0.571429
1.000000
1.000000
1.000000
1.000000
1.000000
1.000000
1.000000
1.000000
1.000000
1.000000
1.000000
1.000000
1.000000
1.000000
1.000000
1.000000
1.000000
1.000000
1.000000
1.000000
1.000000
1.000000
1.000000
1.000000
1.000000
1.000000
1.000000

1.000000
1.000000
1.000000
1.000000
1.000000
1.000000
1.000000

1.000000
1.000000

1.000000
1.000000
1.000000
1.000000
1.000000
1.000000
1.000000
1.000000
1.000000
1.000000
1.000000

1.000000
1.000000

1.000000
1.000000
1.000000
1.000000

1.000000
1.000000
1.000000

1.000000
1.000000
1.000000
1.000000
1.000000
1.000000
1.000000
1.000000
1.000000
1.000000
1.000000
1.000000
1.000000
1.000000
1.000000
1.000000
1.000000
1.000000
1.000000


1.000000
1.000000
1.000000
1.000000
1.000000
1.000000
1.000000

0.727273
1.000000
1.000000
0.090909
1.000000
1.000000
1.000000
0.986159
1.000000
1.000000
1.000000
1.000000
1.000000
1.000000
1.000000
1.000000
1.000000
1.000000
1.000000
1.000000
1.000000
1.000000
1.000000
1.000000
1.000000
1.000000
1.000000
1.000000
1.000000
1.000000
1.000000
1.000000
1.000000
1.000000
1.000000
1.000000
1.000000
1.000000
1.000000
1.000000
1.000000

1.000000
0.870968
1.000000
1.000000
1.000000
1.000000
1.000000
1.000000
1.000000

1.000000
1.000000
1.000000
1.000000
1.000000
1.000000
0.952381
1.000000
1.000000
1.000000
1.000000
1.000000
1.000000
1.000000

1.000000
1.000000
1.000000
1.000000
1.000000

1.000000
1.000000
1.000000
1.000000
1.000000
1.000000
1.000000
1.000000
1.000000
1.000000
1.000000
1.000000
1.000000
1.000000
1.000000

1.000000
1.000000
1.000000
1.000000
1.000000
1.000000

1.000000
1.000000
1.000000
1.000000
1.000000
1.000000
1.000000

1.000000
1.000000
1.000000
1.000000
1.000000
1.000000
1.000000
1.000000
1.000000
1.000000
1.000000
1.000000
1.000000
1.000000
1.000000
1.000000
0.750000
1.000000
1.000000
1.000000
1.000000
1.000000
1.000000
1.000000
1.000000
1.000000
1.000000
1.000000
0.652174
1.000000
1.000000
1.000000
1.000000
1.000000

1.000000
1.000000
1.000000
1.000000
1.000000
1.000000
1.000000
1.000000
1.000000
1.000000
1.000000
1.000000
1.000000
1.000000
1.000000

1.000000
1.000000

1.000000
1.000000
1.000000
1.000000
1.000000
1.000000
1.000000
1.000000
1.000000
1.000000
1.000000
1.000000


1.000000
1.000000
1.000000
1.000000
1.000000
1.000000

1.000000
1.000000
1.000000
1.000000
1.000000
1.000000
1.000000
1.000000
1.000000
1.000000
0.960000
1.000000

1.000000
1.000000
1.000000
1.000000
1.000000
0.851852
1.000000
1.000000
1.000000
1.000000
1.000000
1.000000
1.000000
1.000000
1.000000
1.000000
1.000000
1.000000
1.000000
1.000000
1.000000
1.000000
1.000000
1.000000

0.917355
1.000000
1.000000
1.000000
1.000000
1.000000
1.000000
1.000000
1.000000
1.000000

1.000000
1.000000
1.000000
1.000000
1.000000
